Automatically generated mesh
     816
Reciprocal lattice
    0.00000000000000    0.00000000000000    0.00000000000000             1
    0.03225806451613    0.00000000000000    0.00000000000000             8
    0.06451612903226    0.00000000000000    0.00000000000000             8
    0.09677419354838    0.00000000000000    0.00000000000000             8
    0.12903225806452    0.00000000000000    0.00000000000000             8
    0.16129032258065    0.00000000000000    0.00000000000000             8
    0.19354838709678    0.00000000000000    0.00000000000000             8
    0.22580645161290    0.00000000000000    0.00000000000000             8
    0.25806451612903    0.00000000000000    0.00000000000000             8
    0.29032258064516    0.00000000000000    0.00000000000000             8
    0.32258064516129   -0.00000000000000    0.00000000000000             8
    0.35483870967742    0.00000000000000    0.00000000000000             8
    0.38709677419355    0.00000000000000    0.00000000000000             8
    0.41935483870968    0.00000000000000    0.00000000000000             8
    0.45161290322581    0.00000000000000    0.00000000000000             8
    0.48387096774194    0.00000000000000    0.00000000000000             8
    0.03225806451613    0.03225806451613    0.00000000000000             6
    0.06451612903226    0.03225806451613    0.00000000000000            24
    0.09677419354838    0.03225806451613    0.00000000000000            24
    0.12903225806452    0.03225806451613    0.00000000000000            24
    0.16129032258065    0.03225806451613    0.00000000000000            24
    0.19354838709678    0.03225806451613    0.00000000000000            24
    0.22580645161290    0.03225806451613    0.00000000000000            24
    0.25806451612903    0.03225806451613    0.00000000000000            24
    0.29032258064516    0.03225806451613    0.00000000000000            24
    0.32258064516129    0.03225806451613    0.00000000000000            24
    0.35483870967742    0.03225806451613    0.00000000000000            24
    0.38709677419355    0.03225806451613    0.00000000000000            24
    0.41935483870968    0.03225806451613    0.00000000000000            24
    0.45161290322581    0.03225806451613    0.00000000000000            24
    0.48387096774194    0.03225806451613    0.00000000000000            24
   -0.48387096774194    0.03225806451613    0.00000000000000            24
   -0.45161290322581    0.03225806451613    0.00000000000000            24
   -0.41935483870968    0.03225806451613    0.00000000000000            24
   -0.38709677419355    0.03225806451613    0.00000000000000            24
   -0.35483870967742    0.03225806451613    0.00000000000000            24
   -0.32258064516129    0.03225806451613    0.00000000000000            24
   -0.29032258064516    0.03225806451613    0.00000000000000            24
   -0.25806451612903    0.03225806451613    0.00000000000000            24
   -0.22580645161290    0.03225806451613    0.00000000000000            24
   -0.19354838709678    0.03225806451613    0.00000000000000            24
   -0.16129032258065    0.03225806451613    0.00000000000000            24
   -0.12903225806452    0.03225806451613    0.00000000000000            24
   -0.09677419354838    0.03225806451613    0.00000000000000            24
   -0.06451612903226    0.03225806451613    0.00000000000000            24
   -0.03225806451613    0.03225806451613    0.00000000000000            12
    0.06451612903226    0.06451612903226    0.00000000000000             6
    0.09677419354838    0.06451612903226    0.00000000000000            24
    0.12903225806452    0.06451612903226    0.00000000000000            24
    0.16129032258065    0.06451612903226    0.00000000000000            24
    0.19354838709678    0.06451612903226    0.00000000000000            24
    0.22580645161290    0.06451612903226    0.00000000000000            24
    0.25806451612903    0.06451612903226    0.00000000000000            24
    0.29032258064516    0.06451612903226    0.00000000000000            24
    0.32258064516129    0.06451612903226    0.00000000000000            24
    0.35483870967742    0.06451612903226    0.00000000000000            24
    0.38709677419355    0.06451612903226    0.00000000000000            24
    0.41935483870968    0.06451612903226    0.00000000000000            24
    0.45161290322581    0.06451612903226    0.00000000000000            24
    0.48387096774194    0.06451612903226    0.00000000000000            24
   -0.48387096774194    0.06451612903226    0.00000000000000            24
   -0.45161290322581    0.06451612903226    0.00000000000000            24
   -0.41935483870968    0.06451612903226    0.00000000000000            24
   -0.38709677419355    0.06451612903226    0.00000000000000            24
   -0.35483870967742    0.06451612903226    0.00000000000000            24
   -0.32258064516129    0.06451612903226    0.00000000000000            24
   -0.29032258064516    0.06451612903226    0.00000000000000            24
   -0.25806451612903    0.06451612903226    0.00000000000000            24
   -0.22580645161290    0.06451612903226    0.00000000000000            24
   -0.19354838709678    0.06451612903226    0.00000000000000            24
   -0.16129032258065    0.06451612903226    0.00000000000000            24
   -0.12903225806452    0.06451612903226    0.00000000000000            24
   -0.09677419354838    0.06451612903226    0.00000000000000            24
   -0.06451612903226    0.06451612903226    0.00000000000000            12
    0.09677419354838    0.09677419354838    0.00000000000000             6
    0.12903225806452    0.09677419354838    0.00000000000000            24
    0.16129032258065    0.09677419354838    0.00000000000000            24
    0.19354838709678    0.09677419354838    0.00000000000000            24
    0.22580645161290    0.09677419354838    0.00000000000000            24
    0.25806451612903    0.09677419354838    0.00000000000000            24
    0.29032258064516    0.09677419354838    0.00000000000000            24
    0.32258064516129    0.09677419354838    0.00000000000000            24
    0.35483870967742    0.09677419354838    0.00000000000000            24
    0.38709677419355    0.09677419354838    0.00000000000000            24
    0.41935483870968    0.09677419354838    0.00000000000000            24
    0.45161290322581    0.09677419354838    0.00000000000000            24
    0.48387096774194    0.09677419354838    0.00000000000000            24
   -0.48387096774194    0.09677419354838    0.00000000000000            24
   -0.45161290322581    0.09677419354838    0.00000000000000            24
   -0.41935483870968    0.09677419354838    0.00000000000000            24
   -0.38709677419355    0.09677419354838    0.00000000000000            24
   -0.35483870967742    0.09677419354838    0.00000000000000            24
   -0.32258064516129    0.09677419354838    0.00000000000000            24
   -0.29032258064516    0.09677419354838    0.00000000000000            24
   -0.25806451612903    0.09677419354838    0.00000000000000            24
   -0.22580645161290    0.09677419354838    0.00000000000000            24
   -0.19354838709678    0.09677419354838    0.00000000000000            24
   -0.16129032258065    0.09677419354838    0.00000000000000            24
   -0.12903225806452    0.09677419354838    0.00000000000000            24
   -0.09677419354838    0.09677419354838    0.00000000000000            12
    0.12903225806452    0.12903225806452    0.00000000000000             6
    0.16129032258065    0.12903225806452    0.00000000000000            24
    0.19354838709678    0.12903225806452    0.00000000000000            24
    0.22580645161290    0.12903225806452    0.00000000000000            24
    0.25806451612903    0.12903225806452    0.00000000000000            24
    0.29032258064516    0.12903225806452    0.00000000000000            24
    0.32258064516129    0.12903225806452    0.00000000000000            24
    0.35483870967742    0.12903225806452    0.00000000000000            24
    0.38709677419355    0.12903225806452    0.00000000000000            24
    0.41935483870968    0.12903225806452    0.00000000000000            24
    0.45161290322581    0.12903225806452    0.00000000000000            24
    0.48387096774194    0.12903225806452    0.00000000000000            24
   -0.48387096774194    0.12903225806452    0.00000000000000            24
   -0.45161290322581    0.12903225806452    0.00000000000000            24
   -0.41935483870968    0.12903225806452    0.00000000000000            24
   -0.38709677419355    0.12903225806452    0.00000000000000            24
   -0.35483870967742    0.12903225806452    0.00000000000000            24
   -0.32258064516129    0.12903225806452    0.00000000000000            24
   -0.29032258064516    0.12903225806452    0.00000000000000            24
   -0.25806451612903    0.12903225806452    0.00000000000000            24
   -0.22580645161290    0.12903225806452    0.00000000000000            24
   -0.19354838709678    0.12903225806452    0.00000000000000            24
   -0.16129032258065    0.12903225806452    0.00000000000000            24
   -0.12903225806452    0.12903225806452    0.00000000000000            12
    0.16129032258065    0.16129032258065    0.00000000000000             6
    0.19354838709678    0.16129032258065    0.00000000000000            24
    0.22580645161290    0.16129032258065    0.00000000000000            24
    0.25806451612903    0.16129032258065    0.00000000000000            24
    0.29032258064516    0.16129032258065    0.00000000000000            24
    0.32258064516129    0.16129032258065    0.00000000000000            24
    0.35483870967742    0.16129032258065    0.00000000000000            24
    0.38709677419355    0.16129032258065    0.00000000000000            24
    0.41935483870968    0.16129032258065    0.00000000000000            24
    0.45161290322581    0.16129032258065    0.00000000000000            24
    0.48387096774194    0.16129032258065    0.00000000000000            24
   -0.48387096774194    0.16129032258065    0.00000000000000            24
   -0.45161290322581    0.16129032258065    0.00000000000000            24
   -0.41935483870968    0.16129032258065    0.00000000000000            24
   -0.38709677419355    0.16129032258065    0.00000000000000            24
   -0.35483870967742    0.16129032258065    0.00000000000000            24
   -0.32258064516129    0.16129032258065    0.00000000000000            24
   -0.29032258064516    0.16129032258065    0.00000000000000            24
   -0.25806451612903    0.16129032258065    0.00000000000000            24
   -0.22580645161290    0.16129032258065    0.00000000000000            24
   -0.19354838709678    0.16129032258065    0.00000000000000            24
   -0.16129032258065    0.16129032258065    0.00000000000000            12
    0.19354838709678    0.19354838709678    0.00000000000000             6
    0.22580645161290    0.19354838709678    0.00000000000000            24
    0.25806451612903    0.19354838709678    0.00000000000000            24
    0.29032258064516    0.19354838709678    0.00000000000000            24
    0.32258064516129    0.19354838709678    0.00000000000000            24
    0.35483870967742    0.19354838709678    0.00000000000000            24
    0.38709677419355    0.19354838709678    0.00000000000000            24
    0.41935483870968    0.19354838709678    0.00000000000000            24
    0.45161290322581    0.19354838709678    0.00000000000000            24
    0.48387096774194    0.19354838709678    0.00000000000000            24
   -0.48387096774194    0.19354838709678    0.00000000000000            24
   -0.45161290322581    0.19354838709678    0.00000000000000            24
   -0.41935483870968    0.19354838709678    0.00000000000000            24
   -0.38709677419355    0.19354838709678    0.00000000000000            24
   -0.35483870967742    0.19354838709678    0.00000000000000            24
   -0.32258064516129    0.19354838709678    0.00000000000000            24
   -0.29032258064516    0.19354838709678    0.00000000000000            24
   -0.25806451612903    0.19354838709678    0.00000000000000            24
   -0.22580645161290    0.19354838709678    0.00000000000000            24
   -0.19354838709678    0.19354838709678    0.00000000000000            12
    0.22580645161290    0.22580645161290    0.00000000000000             6
    0.25806451612903    0.22580645161290    0.00000000000000            24
    0.29032258064516    0.22580645161290    0.00000000000000            24
    0.32258064516129    0.22580645161290    0.00000000000000            24
    0.35483870967742    0.22580645161290    0.00000000000000            24
    0.38709677419355    0.22580645161290    0.00000000000000            24
    0.41935483870968    0.22580645161290    0.00000000000000            24
    0.45161290322581    0.22580645161290    0.00000000000000            24
    0.48387096774194    0.22580645161290    0.00000000000000            24
   -0.48387096774194    0.22580645161290    0.00000000000000            24
   -0.45161290322581    0.22580645161290    0.00000000000000            24
   -0.41935483870968    0.22580645161290    0.00000000000000            24
   -0.38709677419355    0.22580645161290    0.00000000000000            24
   -0.35483870967742    0.22580645161290    0.00000000000000            24
   -0.32258064516129    0.22580645161290    0.00000000000000            24
   -0.29032258064516    0.22580645161290    0.00000000000000            24
   -0.25806451612903    0.22580645161290    0.00000000000000            24
   -0.22580645161290    0.22580645161290    0.00000000000000            12
    0.25806451612903    0.25806451612903    0.00000000000000             6
    0.29032258064516    0.25806451612903    0.00000000000000            24
    0.32258064516129    0.25806451612903    0.00000000000000            24
    0.35483870967742    0.25806451612903    0.00000000000000            24
    0.38709677419355    0.25806451612903    0.00000000000000            24
    0.41935483870968    0.25806451612903    0.00000000000000            24
    0.45161290322581    0.25806451612903    0.00000000000000            24
    0.48387096774194    0.25806451612903    0.00000000000000            24
   -0.48387096774194    0.25806451612903    0.00000000000000            24
   -0.45161290322581    0.25806451612903    0.00000000000000            24
   -0.41935483870968    0.25806451612903    0.00000000000000            24
   -0.38709677419355    0.25806451612903    0.00000000000000            24
   -0.35483870967742    0.25806451612903    0.00000000000000            24
   -0.32258064516129    0.25806451612903    0.00000000000000            24
   -0.29032258064516    0.25806451612903    0.00000000000000            24
   -0.25806451612903    0.25806451612903    0.00000000000000            12
    0.29032258064516    0.29032258064516    0.00000000000000             6
    0.32258064516129    0.29032258064516    0.00000000000000            24
    0.35483870967742    0.29032258064516    0.00000000000000            24
    0.38709677419355    0.29032258064516    0.00000000000000            24
    0.41935483870968    0.29032258064516    0.00000000000000            24
    0.45161290322581    0.29032258064516    0.00000000000000            24
    0.48387096774194    0.29032258064516    0.00000000000000            24
   -0.48387096774194    0.29032258064516    0.00000000000000            24
   -0.45161290322581    0.29032258064516    0.00000000000000            24
   -0.41935483870968    0.29032258064516    0.00000000000000            24
   -0.38709677419355    0.29032258064516    0.00000000000000            24
   -0.35483870967742    0.29032258064516    0.00000000000000            24
   -0.32258064516129    0.29032258064516    0.00000000000000            24
   -0.29032258064516    0.29032258064516    0.00000000000000            12
    0.32258064516129    0.32258064516129    0.00000000000000             6
    0.35483870967742    0.32258064516129    0.00000000000000            24
    0.38709677419355    0.32258064516129    0.00000000000000            24
    0.41935483870968    0.32258064516129    0.00000000000000            24
    0.45161290322581    0.32258064516129    0.00000000000000            24
    0.48387096774194    0.32258064516129    0.00000000000000            24
   -0.48387096774194    0.32258064516129    0.00000000000000            24
   -0.45161290322581    0.32258064516129    0.00000000000000            24
   -0.41935483870968    0.32258064516129    0.00000000000000            24
   -0.38709677419355    0.32258064516129    0.00000000000000            24
   -0.35483870967742    0.32258064516129    0.00000000000000            24
   -0.32258064516129    0.32258064516129    0.00000000000000            12
    0.35483870967742    0.35483870967742    0.00000000000000             6
    0.38709677419355    0.35483870967742    0.00000000000000            24
    0.41935483870968    0.35483870967742    0.00000000000000            24
    0.45161290322581    0.35483870967742    0.00000000000000            24
    0.48387096774194    0.35483870967742    0.00000000000000            24
   -0.48387096774194    0.35483870967742    0.00000000000000            24
   -0.45161290322581    0.35483870967742    0.00000000000000            24
   -0.41935483870968    0.35483870967742    0.00000000000000            24
   -0.38709677419355    0.35483870967742    0.00000000000000            24
   -0.35483870967742    0.35483870967742    0.00000000000000            12
    0.38709677419355    0.38709677419355    0.00000000000000             6
    0.41935483870968    0.38709677419355    0.00000000000000            24
    0.45161290322581    0.38709677419355    0.00000000000000            24
    0.48387096774194    0.38709677419355    0.00000000000000            24
   -0.48387096774194    0.38709677419355    0.00000000000000            24
   -0.45161290322581    0.38709677419355    0.00000000000000            24
   -0.41935483870968    0.38709677419355    0.00000000000000            24
   -0.38709677419355    0.38709677419355    0.00000000000000            12
    0.41935483870968    0.41935483870968    0.00000000000000             6
    0.45161290322581    0.41935483870968    0.00000000000000            24
    0.48387096774194    0.41935483870968    0.00000000000000            24
   -0.48387096774194    0.41935483870968    0.00000000000000            24
   -0.45161290322581    0.41935483870968    0.00000000000000            24
   -0.41935483870968    0.41935483870968    0.00000000000000            12
    0.45161290322581    0.45161290322581    0.00000000000000             6
    0.48387096774194    0.45161290322581    0.00000000000000            24
   -0.48387096774194    0.45161290322581    0.00000000000000            24
   -0.45161290322581    0.45161290322581    0.00000000000000            12
    0.48387096774194    0.48387096774194    0.00000000000000             6
   -0.48387096774194    0.48387096774194    0.00000000000000            12
    0.09677419354838    0.06451612903226    0.03225806451613            24
    0.12903225806452    0.06451612903226    0.03225806451613            48
    0.16129032258065    0.06451612903226    0.03225806451613            48
    0.19354838709678    0.06451612903226    0.03225806451613            48
    0.22580645161290    0.06451612903226    0.03225806451613            48
    0.25806451612903    0.06451612903226    0.03225806451613            48
    0.29032258064516    0.06451612903226    0.03225806451613            48
    0.32258064516129    0.06451612903226    0.03225806451613            48
    0.35483870967742    0.06451612903226    0.03225806451613            48
    0.38709677419355    0.06451612903226    0.03225806451613            48
    0.41935483870968    0.06451612903226    0.03225806451613            48
    0.45161290322581    0.06451612903226    0.03225806451613            48
    0.48387096774194    0.06451612903226    0.03225806451613            48
   -0.48387096774194    0.06451612903226    0.03225806451613            48
    0.12903225806452    0.09677419354838    0.03225806451613            24
    0.16129032258065    0.09677419354838    0.03225806451613            48
    0.19354838709678    0.09677419354838    0.03225806451613            48
    0.22580645161290    0.09677419354838    0.03225806451613            48
    0.25806451612903    0.09677419354838    0.03225806451613            48
    0.29032258064516    0.09677419354838    0.03225806451613            48
    0.32258064516129    0.09677419354838    0.03225806451613            48
    0.35483870967742    0.09677419354838    0.03225806451613            48
    0.38709677419355    0.09677419354838    0.03225806451613            48
    0.41935483870968    0.09677419354838    0.03225806451613            48
    0.45161290322581    0.09677419354838    0.03225806451613            48
    0.48387096774194    0.09677419354838    0.03225806451613            48
   -0.48387096774194    0.09677419354838    0.03225806451613            48
   -0.45161290322581    0.09677419354838    0.03225806451613            48
   -0.41935483870968    0.09677419354838    0.03225806451613            48
   -0.38709677419355    0.09677419354838    0.03225806451613            48
   -0.35483870967742    0.09677419354838    0.03225806451613            48
   -0.32258064516129    0.09677419354838    0.03225806451613            48
   -0.29032258064516    0.09677419354838    0.03225806451613            48
   -0.25806451612903    0.09677419354838    0.03225806451613            48
   -0.22580645161290    0.09677419354838    0.03225806451613            48
   -0.19354838709678    0.09677419354838    0.03225806451613            48
   -0.16129032258065    0.09677419354838    0.03225806451613            48
   -0.12903225806452    0.09677419354838    0.03225806451613            48
   -0.09677419354838    0.09677419354838    0.03225806451613            48
   -0.06451612903226    0.09677419354838    0.03225806451613            24
    0.16129032258065    0.12903225806452    0.03225806451613            24
    0.19354838709678    0.12903225806452    0.03225806451613            48
    0.22580645161290    0.12903225806452    0.03225806451613            48
    0.25806451612903    0.12903225806452    0.03225806451613            48
    0.29032258064516    0.12903225806452    0.03225806451613            48
    0.32258064516129    0.12903225806452    0.03225806451613            48
    0.35483870967742    0.12903225806452    0.03225806451613            48
    0.38709677419355    0.12903225806452    0.03225806451613            48
    0.41935483870968    0.12903225806452    0.03225806451613            48
    0.45161290322581    0.12903225806452    0.03225806451613            48
    0.48387096774194    0.12903225806452    0.03225806451613            48
   -0.48387096774194    0.12903225806452    0.03225806451613            48
   -0.45161290322581    0.12903225806452    0.03225806451613            48
   -0.41935483870968    0.12903225806452    0.03225806451613            48
   -0.38709677419355    0.12903225806452    0.03225806451613            48
   -0.35483870967742    0.12903225806452    0.03225806451613            48
   -0.32258064516129    0.12903225806452    0.03225806451613            48
   -0.29032258064516    0.12903225806452    0.03225806451613            48
   -0.25806451612903    0.12903225806452    0.03225806451613            48
   -0.22580645161290    0.12903225806452    0.03225806451613            48
   -0.19354838709678    0.12903225806452    0.03225806451613            48
   -0.16129032258065    0.12903225806452    0.03225806451613            48
   -0.12903225806452    0.12903225806452    0.03225806451613            48
   -0.09677419354838    0.12903225806452    0.03225806451613            24
    0.19354838709678    0.16129032258065    0.03225806451613            24
    0.22580645161290    0.16129032258065    0.03225806451613            48
    0.25806451612903    0.16129032258065    0.03225806451613            48
    0.29032258064516    0.16129032258065    0.03225806451613            48
    0.32258064516129    0.16129032258065    0.03225806451613            48
    0.35483870967742    0.16129032258065    0.03225806451613            48
    0.38709677419355    0.16129032258065    0.03225806451613            48
    0.41935483870968    0.16129032258065    0.03225806451613            48
    0.45161290322581    0.16129032258065    0.03225806451613            48
    0.48387096774194    0.16129032258065    0.03225806451613            48
   -0.48387096774194    0.16129032258065    0.03225806451613            48
   -0.45161290322581    0.16129032258065    0.03225806451613            48
   -0.41935483870968    0.16129032258065    0.03225806451613            48
   -0.38709677419355    0.16129032258065    0.03225806451613            48
   -0.35483870967742    0.16129032258065    0.03225806451613            48
   -0.32258064516129    0.16129032258065    0.03225806451613            48
   -0.29032258064516    0.16129032258065    0.03225806451613            48
   -0.25806451612903    0.16129032258065    0.03225806451613            48
   -0.22580645161290    0.16129032258065    0.03225806451613            48
   -0.19354838709678    0.16129032258065    0.03225806451613            48
   -0.16129032258065    0.16129032258065    0.03225806451613            48
   -0.12903225806452    0.16129032258065    0.03225806451613            24
    0.22580645161290    0.19354838709678    0.03225806451613            24
    0.25806451612903    0.19354838709678    0.03225806451613            48
    0.29032258064516    0.19354838709678    0.03225806451613            48
    0.32258064516129    0.19354838709678    0.03225806451613            48
    0.35483870967742    0.19354838709678    0.03225806451613            48
    0.38709677419355    0.19354838709678    0.03225806451613            48
    0.41935483870968    0.19354838709678    0.03225806451613            48
    0.45161290322581    0.19354838709678    0.03225806451613            48
    0.48387096774194    0.19354838709678    0.03225806451613            48
   -0.48387096774194    0.19354838709678    0.03225806451613            48
   -0.45161290322581    0.19354838709678    0.03225806451613            48
   -0.41935483870968    0.19354838709678    0.03225806451613            48
   -0.38709677419355    0.19354838709678    0.03225806451613            48
   -0.35483870967742    0.19354838709678    0.03225806451613            48
   -0.32258064516129    0.19354838709678    0.03225806451613            48
   -0.29032258064516    0.19354838709678    0.03225806451613            48
   -0.25806451612903    0.19354838709678    0.03225806451613            48
   -0.22580645161290    0.19354838709678    0.03225806451613            48
   -0.19354838709678    0.19354838709678    0.03225806451613            48
   -0.16129032258065    0.19354838709678    0.03225806451613            24
    0.25806451612903    0.22580645161290    0.03225806451613            24
    0.29032258064516    0.22580645161290    0.03225806451613            48
    0.32258064516129    0.22580645161290    0.03225806451613            48
    0.35483870967742    0.22580645161290    0.03225806451613            48
    0.38709677419355    0.22580645161290    0.03225806451613            48
    0.41935483870968    0.22580645161290    0.03225806451613            48
    0.45161290322581    0.22580645161290    0.03225806451613            48
    0.48387096774194    0.22580645161290    0.03225806451613            48
   -0.48387096774194    0.22580645161290    0.03225806451613            48
   -0.45161290322581    0.22580645161290    0.03225806451613            48
   -0.41935483870968    0.22580645161290    0.03225806451613            48
   -0.38709677419355    0.22580645161290    0.03225806451613            48
   -0.35483870967742    0.22580645161290    0.03225806451613            48
   -0.32258064516129    0.22580645161290    0.03225806451613            48
   -0.29032258064516    0.22580645161290    0.03225806451613            48
   -0.25806451612903    0.22580645161290    0.03225806451613            48
   -0.22580645161290    0.22580645161290    0.03225806451613            48
   -0.19354838709678    0.22580645161290    0.03225806451613            24
    0.29032258064516    0.25806451612903    0.03225806451613            24
    0.32258064516129    0.25806451612903    0.03225806451613            48
    0.35483870967742    0.25806451612903    0.03225806451613            48
    0.38709677419355    0.25806451612903    0.03225806451613            48
    0.41935483870968    0.25806451612903    0.03225806451613            48
    0.45161290322581    0.25806451612903    0.03225806451613            48
    0.48387096774194    0.25806451612903    0.03225806451613            48
   -0.48387096774194    0.25806451612903    0.03225806451613            48
   -0.45161290322581    0.25806451612903    0.03225806451613            48
   -0.41935483870968    0.25806451612903    0.03225806451613            48
   -0.38709677419355    0.25806451612903    0.03225806451613            48
   -0.35483870967742    0.25806451612903    0.03225806451613            48
   -0.32258064516129    0.25806451612903    0.03225806451613            48
   -0.29032258064516    0.25806451612903    0.03225806451613            48
   -0.25806451612903    0.25806451612903    0.03225806451613            48
   -0.22580645161290    0.25806451612903    0.03225806451613            24
    0.32258064516129    0.29032258064516    0.03225806451613            24
    0.35483870967742    0.29032258064516    0.03225806451613            48
    0.38709677419355    0.29032258064516    0.03225806451613            48
    0.41935483870968    0.29032258064516    0.03225806451613            48
    0.45161290322581    0.29032258064516    0.03225806451613            48
    0.48387096774194    0.29032258064516    0.03225806451613            48
   -0.48387096774194    0.29032258064516    0.03225806451613            48
   -0.45161290322581    0.29032258064516    0.03225806451613            48
   -0.41935483870968    0.29032258064516    0.03225806451613            48
   -0.38709677419355    0.29032258064516    0.03225806451613            48
   -0.35483870967742    0.29032258064516    0.03225806451613            48
   -0.32258064516129    0.29032258064516    0.03225806451613            48
   -0.29032258064516    0.29032258064516    0.03225806451613            48
   -0.25806451612903    0.29032258064516    0.03225806451613            24
    0.35483870967742    0.32258064516129    0.03225806451613            24
    0.38709677419355    0.32258064516129    0.03225806451613            48
    0.41935483870968    0.32258064516129    0.03225806451613            48
    0.45161290322581    0.32258064516129    0.03225806451613            48
    0.48387096774194    0.32258064516129    0.03225806451613            48
   -0.48387096774194    0.32258064516129    0.03225806451613            48
   -0.45161290322581    0.32258064516129    0.03225806451613            48
   -0.41935483870968    0.32258064516129    0.03225806451613            48
   -0.38709677419355    0.32258064516129    0.03225806451613            48
   -0.35483870967742    0.32258064516129    0.03225806451613            48
   -0.32258064516129    0.32258064516129    0.03225806451613            48
   -0.29032258064516    0.32258064516129    0.03225806451613            24
    0.38709677419355    0.35483870967742    0.03225806451613            24
    0.41935483870968    0.35483870967742    0.03225806451613            48
    0.45161290322581    0.35483870967742    0.03225806451613            48
    0.48387096774194    0.35483870967742    0.03225806451613            48
   -0.48387096774194    0.35483870967742    0.03225806451613            48
   -0.45161290322581    0.35483870967742    0.03225806451613            48
   -0.41935483870968    0.35483870967742    0.03225806451613            48
   -0.38709677419355    0.35483870967742    0.03225806451613            48
   -0.35483870967742    0.35483870967742    0.03225806451613            48
   -0.32258064516129    0.35483870967742    0.03225806451613            24
    0.41935483870968    0.38709677419355    0.03225806451613            24
    0.45161290322581    0.38709677419355    0.03225806451613            48
    0.48387096774194    0.38709677419355    0.03225806451613            48
   -0.48387096774194    0.38709677419355    0.03225806451613            48
   -0.45161290322581    0.38709677419355    0.03225806451613            48
   -0.41935483870968    0.38709677419355    0.03225806451613            48
   -0.38709677419355    0.38709677419355    0.03225806451613            48
   -0.35483870967742    0.38709677419355    0.03225806451613            24
    0.45161290322581    0.41935483870968    0.03225806451613            24
    0.48387096774194    0.41935483870968    0.03225806451613            48
   -0.48387096774194    0.41935483870968    0.03225806451613            48
   -0.45161290322581    0.41935483870968    0.03225806451613            48
   -0.41935483870968    0.41935483870968    0.03225806451613            48
   -0.38709677419355    0.41935483870968    0.03225806451613            24
    0.48387096774194    0.45161290322581    0.03225806451613            24
   -0.48387096774194    0.45161290322581    0.03225806451613            48
   -0.45161290322581    0.45161290322581    0.03225806451613            48
   -0.41935483870968    0.45161290322581    0.03225806451613            24
   -0.48387096774194    0.48387096774194    0.03225806451613            24
   -0.45161290322581    0.48387096774194    0.03225806451613            24
    0.19354838709678    0.12903225806452    0.06451612903226            24
    0.22580645161290    0.12903225806452    0.06451612903226            48
    0.25806451612903    0.12903225806452    0.06451612903226            48
    0.29032258064516    0.12903225806452    0.06451612903226            48
    0.32258064516129    0.12903225806452    0.06451612903226            48
    0.35483870967742    0.12903225806452    0.06451612903226            48
    0.38709677419355    0.12903225806452    0.06451612903226            48
    0.41935483870968    0.12903225806452    0.06451612903226            48
    0.45161290322581    0.12903225806452    0.06451612903226            48
    0.48387096774194    0.12903225806452    0.06451612903226            48
   -0.48387096774194    0.12903225806452    0.06451612903226            48
   -0.45161290322581    0.12903225806452    0.06451612903226            48
    0.22580645161290    0.16129032258065    0.06451612903226            24
    0.25806451612903    0.16129032258065    0.06451612903226            48
    0.29032258064516    0.16129032258065    0.06451612903226            48
    0.32258064516129    0.16129032258065    0.06451612903226            48
    0.35483870967742    0.16129032258065    0.06451612903226            48
    0.38709677419355    0.16129032258065    0.06451612903226            48
    0.41935483870968    0.16129032258065    0.06451612903226            48
    0.45161290322581    0.16129032258065    0.06451612903226            48
    0.48387096774194    0.16129032258065    0.06451612903226            48
   -0.48387096774194    0.16129032258065    0.06451612903226            48
   -0.45161290322581    0.16129032258065    0.06451612903226            48
   -0.41935483870968    0.16129032258065    0.06451612903226            48
   -0.38709677419355    0.16129032258065    0.06451612903226            48
   -0.35483870967742    0.16129032258065    0.06451612903226            48
   -0.32258064516129    0.16129032258065    0.06451612903226            48
   -0.29032258064516    0.16129032258065    0.06451612903226            48
   -0.25806451612903    0.16129032258065    0.06451612903226            48
   -0.22580645161290    0.16129032258065    0.06451612903226            48
   -0.19354838709678    0.16129032258065    0.06451612903226            48
   -0.16129032258065    0.16129032258065    0.06451612903226            48
   -0.12903225806452    0.16129032258065    0.06451612903226            48
   -0.09677419354838    0.16129032258065    0.06451612903226            24
    0.25806451612903    0.19354838709678    0.06451612903226            24
    0.29032258064516    0.19354838709678    0.06451612903226            48
    0.32258064516129    0.19354838709678    0.06451612903226            48
    0.35483870967742    0.19354838709678    0.06451612903226            48
    0.38709677419355    0.19354838709678    0.06451612903226            48
    0.41935483870968    0.19354838709678    0.06451612903226            48
    0.45161290322581    0.19354838709678    0.06451612903226            48
    0.48387096774194    0.19354838709678    0.06451612903226            48
   -0.48387096774194    0.19354838709678    0.06451612903226            48
   -0.45161290322581    0.19354838709678    0.06451612903226            48
   -0.41935483870968    0.19354838709678    0.06451612903226            48
   -0.38709677419355    0.19354838709678    0.06451612903226            48
   -0.35483870967742    0.19354838709678    0.06451612903226            48
   -0.32258064516129    0.19354838709678    0.06451612903226            48
   -0.29032258064516    0.19354838709678    0.06451612903226            48
   -0.25806451612903    0.19354838709678    0.06451612903226            48
   -0.22580645161290    0.19354838709678    0.06451612903226            48
   -0.19354838709678    0.19354838709678    0.06451612903226            48
   -0.16129032258065    0.19354838709678    0.06451612903226            48
   -0.12903225806452    0.19354838709678    0.06451612903226            24
    0.29032258064516    0.22580645161290    0.06451612903226            24
    0.32258064516129    0.22580645161290    0.06451612903226            48
    0.35483870967742    0.22580645161290    0.06451612903226            48
    0.38709677419355    0.22580645161290    0.06451612903226            48
    0.41935483870968    0.22580645161290    0.06451612903226            48
    0.45161290322581    0.22580645161290    0.06451612903226            48
    0.48387096774194    0.22580645161290    0.06451612903226            48
   -0.48387096774194    0.22580645161290    0.06451612903226            48
   -0.45161290322581    0.22580645161290    0.06451612903226            48
   -0.41935483870968    0.22580645161290    0.06451612903226            48
   -0.38709677419355    0.22580645161290    0.06451612903226            48
   -0.35483870967742    0.22580645161290    0.06451612903226            48
   -0.32258064516129    0.22580645161290    0.06451612903226            48
   -0.29032258064516    0.22580645161290    0.06451612903226            48
   -0.25806451612903    0.22580645161290    0.06451612903226            48
   -0.22580645161290    0.22580645161290    0.06451612903226            48
   -0.19354838709678    0.22580645161290    0.06451612903226            48
   -0.16129032258065    0.22580645161290    0.06451612903226            24
    0.32258064516129    0.25806451612903    0.06451612903226            24
    0.35483870967742    0.25806451612903    0.06451612903226            48
    0.38709677419355    0.25806451612903    0.06451612903226            48
    0.41935483870968    0.25806451612903    0.06451612903226            48
    0.45161290322581    0.25806451612903    0.06451612903226            48
    0.48387096774194    0.25806451612903    0.06451612903226            48
   -0.48387096774194    0.25806451612903    0.06451612903226            48
   -0.45161290322581    0.25806451612903    0.06451612903226            48
   -0.41935483870968    0.25806451612903    0.06451612903226            48
   -0.38709677419355    0.25806451612903    0.06451612903226            48
   -0.35483870967742    0.25806451612903    0.06451612903226            48
   -0.32258064516129    0.25806451612903    0.06451612903226            48
   -0.29032258064516    0.25806451612903    0.06451612903226            48
   -0.25806451612903    0.25806451612903    0.06451612903226            48
   -0.22580645161290    0.25806451612903    0.06451612903226            48
   -0.19354838709678    0.25806451612903    0.06451612903226            24
    0.35483870967742    0.29032258064516    0.06451612903226            24
    0.38709677419355    0.29032258064516    0.06451612903226            48
    0.41935483870968    0.29032258064516    0.06451612903226            48
    0.45161290322581    0.29032258064516    0.06451612903226            48
    0.48387096774194    0.29032258064516    0.06451612903226            48
   -0.48387096774194    0.29032258064516    0.06451612903226            48
   -0.45161290322581    0.29032258064516    0.06451612903226            48
   -0.41935483870968    0.29032258064516    0.06451612903226            48
   -0.38709677419355    0.29032258064516    0.06451612903226            48
   -0.35483870967742    0.29032258064516    0.06451612903226            48
   -0.32258064516129    0.29032258064516    0.06451612903226            48
   -0.29032258064516    0.29032258064516    0.06451612903226            48
   -0.25806451612903    0.29032258064516    0.06451612903226            48
   -0.22580645161290    0.29032258064516    0.06451612903226            24
    0.38709677419355    0.32258064516129    0.06451612903226            24
    0.41935483870968    0.32258064516129    0.06451612903226            48
    0.45161290322581    0.32258064516129    0.06451612903226            48
    0.48387096774194    0.32258064516129    0.06451612903226            48
   -0.48387096774194    0.32258064516129    0.06451612903226            48
   -0.45161290322581    0.32258064516129    0.06451612903226            48
   -0.41935483870968    0.32258064516129    0.06451612903226            48
   -0.38709677419355    0.32258064516129    0.06451612903226            48
   -0.35483870967742    0.32258064516129    0.06451612903226            48
   -0.32258064516129    0.32258064516129    0.06451612903226            48
   -0.29032258064516    0.32258064516129    0.06451612903226            48
   -0.25806451612903    0.32258064516129    0.06451612903226            24
    0.41935483870968    0.35483870967742    0.06451612903226            24
    0.45161290322581    0.35483870967742    0.06451612903226            48
    0.48387096774194    0.35483870967742    0.06451612903226            48
   -0.48387096774194    0.35483870967742    0.06451612903226            48
   -0.45161290322581    0.35483870967742    0.06451612903226            48
   -0.41935483870968    0.35483870967742    0.06451612903226            48
   -0.38709677419355    0.35483870967742    0.06451612903226            48
   -0.35483870967742    0.35483870967742    0.06451612903226            48
   -0.32258064516129    0.35483870967742    0.06451612903226            48
   -0.29032258064516    0.35483870967742    0.06451612903226            24
    0.45161290322581    0.38709677419355    0.06451612903226            24
    0.48387096774194    0.38709677419355    0.06451612903226            48
   -0.48387096774194    0.38709677419355    0.06451612903226            48
   -0.45161290322581    0.38709677419355    0.06451612903226            48
   -0.41935483870968    0.38709677419355    0.06451612903226            48
   -0.38709677419355    0.38709677419355    0.06451612903226            48
   -0.35483870967742    0.38709677419355    0.06451612903226            48
   -0.32258064516129    0.38709677419355    0.06451612903226            24
    0.48387096774194    0.41935483870968    0.06451612903226            24
   -0.48387096774194    0.41935483870968    0.06451612903226            48
   -0.45161290322581    0.41935483870968    0.06451612903226            48
   -0.41935483870968    0.41935483870968    0.06451612903226            48
   -0.38709677419355    0.41935483870968    0.06451612903226            48
   -0.35483870967742    0.41935483870968    0.06451612903226            24
   -0.48387096774194    0.45161290322581    0.06451612903226            24
   -0.45161290322581    0.45161290322581    0.06451612903226            48
   -0.41935483870968    0.45161290322581    0.06451612903226            48
   -0.38709677419355    0.45161290322581    0.06451612903226            24
   -0.45161290322581    0.48387096774194    0.06451612903226            24
   -0.41935483870968    0.48387096774194    0.06451612903226            24
    0.29032258064516    0.19354838709678    0.09677419354838            24
    0.32258064516129    0.19354838709678    0.09677419354838            48
    0.35483870967742    0.19354838709678    0.09677419354838            48
    0.38709677419355    0.19354838709678    0.09677419354838            48
    0.41935483870968    0.19354838709678    0.09677419354838            48
    0.45161290322581    0.19354838709678    0.09677419354838            48
    0.48387096774194    0.19354838709678    0.09677419354838            48
   -0.48387096774194    0.19354838709678    0.09677419354838            48
   -0.45161290322581    0.19354838709678    0.09677419354838            48
   -0.41935483870968    0.19354838709678    0.09677419354838            48
    0.32258064516129    0.22580645161290    0.09677419354838            24
    0.35483870967742    0.22580645161290    0.09677419354838            48
    0.38709677419355    0.22580645161290    0.09677419354838            48
    0.41935483870968    0.22580645161290    0.09677419354838            48
    0.45161290322581    0.22580645161290    0.09677419354838            48
    0.48387096774194    0.22580645161290    0.09677419354838            48
   -0.48387096774194    0.22580645161290    0.09677419354838            48
   -0.45161290322581    0.22580645161290    0.09677419354838            48
   -0.41935483870968    0.22580645161290    0.09677419354838            48
   -0.38709677419355    0.22580645161290    0.09677419354838            48
   -0.35483870967742    0.22580645161290    0.09677419354838            48
   -0.32258064516129    0.22580645161290    0.09677419354838            48
   -0.29032258064516    0.22580645161290    0.09677419354838            48
   -0.25806451612903    0.22580645161290    0.09677419354838            48
   -0.22580645161290    0.22580645161290    0.09677419354838            48
   -0.19354838709678    0.22580645161290    0.09677419354838            48
   -0.16129032258065    0.22580645161290    0.09677419354838            48
   -0.12903225806452    0.22580645161290    0.09677419354838            24
    0.35483870967742    0.25806451612903    0.09677419354838            24
    0.38709677419355    0.25806451612903    0.09677419354838            48
    0.41935483870968    0.25806451612903    0.09677419354838            48
    0.45161290322581    0.25806451612903    0.09677419354838            48
    0.48387096774194    0.25806451612903    0.09677419354838            48
   -0.48387096774194    0.25806451612903    0.09677419354838            48
   -0.45161290322581    0.25806451612903    0.09677419354838            48
   -0.41935483870968    0.25806451612903    0.09677419354838            48
   -0.38709677419355    0.25806451612903    0.09677419354838            48
   -0.35483870967742    0.25806451612903    0.09677419354838            48
   -0.32258064516129    0.25806451612903    0.09677419354838            48
   -0.29032258064516    0.25806451612903    0.09677419354838            48
   -0.25806451612903    0.25806451612903    0.09677419354838            48
   -0.22580645161290    0.25806451612903    0.09677419354838            48
   -0.19354838709678    0.25806451612903    0.09677419354838            48
   -0.16129032258065    0.25806451612903    0.09677419354838            24
    0.38709677419355    0.29032258064516    0.09677419354838            24
    0.41935483870968    0.29032258064516    0.09677419354838            48
    0.45161290322581    0.29032258064516    0.09677419354838            48
    0.48387096774194    0.29032258064516    0.09677419354838            48
   -0.48387096774194    0.29032258064516    0.09677419354838            48
   -0.45161290322581    0.29032258064516    0.09677419354838            48
   -0.41935483870968    0.29032258064516    0.09677419354838            48
   -0.38709677419355    0.29032258064516    0.09677419354838            48
   -0.35483870967742    0.29032258064516    0.09677419354838            48
   -0.32258064516129    0.29032258064516    0.09677419354838            48
   -0.29032258064516    0.29032258064516    0.09677419354838            48
   -0.25806451612903    0.29032258064516    0.09677419354838            48
   -0.22580645161290    0.29032258064516    0.09677419354838            48
   -0.19354838709678    0.29032258064516    0.09677419354838            24
    0.41935483870968    0.32258064516129    0.09677419354838            24
    0.45161290322581    0.32258064516129    0.09677419354838            48
    0.48387096774194    0.32258064516129    0.09677419354838            48
   -0.48387096774194    0.32258064516129    0.09677419354838            48
   -0.45161290322581    0.32258064516129    0.09677419354838            48
   -0.41935483870968    0.32258064516129    0.09677419354838            48
   -0.38709677419355    0.32258064516129    0.09677419354838            48
   -0.35483870967742    0.32258064516129    0.09677419354838            48
   -0.32258064516129    0.32258064516129    0.09677419354838            48
   -0.29032258064516    0.32258064516129    0.09677419354838            48
   -0.25806451612903    0.32258064516129    0.09677419354838            48
   -0.22580645161290    0.32258064516129    0.09677419354838            24
    0.45161290322581    0.35483870967742    0.09677419354838            24
    0.48387096774194    0.35483870967742    0.09677419354838            48
   -0.48387096774194    0.35483870967742    0.09677419354838            48
   -0.45161290322581    0.35483870967742    0.09677419354838            48
   -0.41935483870968    0.35483870967742    0.09677419354838            48
   -0.38709677419355    0.35483870967742    0.09677419354838            48
   -0.35483870967742    0.35483870967742    0.09677419354838            48
   -0.32258064516129    0.35483870967742    0.09677419354838            48
   -0.29032258064516    0.35483870967742    0.09677419354838            48
   -0.25806451612903    0.35483870967742    0.09677419354838            24
    0.48387096774194    0.38709677419355    0.09677419354838            24
   -0.48387096774194    0.38709677419355    0.09677419354838            48
   -0.45161290322581    0.38709677419355    0.09677419354838            48
   -0.41935483870968    0.38709677419355    0.09677419354838            48
   -0.38709677419355    0.38709677419355    0.09677419354838            48
   -0.35483870967742    0.38709677419355    0.09677419354838            48
   -0.32258064516129    0.38709677419355    0.09677419354838            48
   -0.29032258064516    0.38709677419355    0.09677419354838            24
   -0.48387096774194    0.41935483870968    0.09677419354838            24
   -0.45161290322581    0.41935483870968    0.09677419354838            48
   -0.41935483870968    0.41935483870968    0.09677419354838            48
   -0.38709677419355    0.41935483870968    0.09677419354838            48
   -0.35483870967742    0.41935483870968    0.09677419354838            48
   -0.32258064516129    0.41935483870968    0.09677419354838            24
   -0.45161290322581    0.45161290322581    0.09677419354838            24
   -0.41935483870968    0.45161290322581    0.09677419354838            48
   -0.38709677419355    0.45161290322581    0.09677419354838            48
   -0.35483870967742    0.45161290322581    0.09677419354838            24
   -0.41935483870968    0.48387096774194    0.09677419354838            24
   -0.38709677419355    0.48387096774194    0.09677419354838            24
    0.38709677419355    0.25806451612903    0.12903225806452            24
    0.41935483870968    0.25806451612903    0.12903225806452            48
    0.45161290322581    0.25806451612903    0.12903225806452            48
    0.48387096774194    0.25806451612903    0.12903225806452            48
   -0.48387096774194    0.25806451612903    0.12903225806452            48
   -0.45161290322581    0.25806451612903    0.12903225806452            48
   -0.41935483870968    0.25806451612903    0.12903225806452            48
   -0.38709677419355    0.25806451612903    0.12903225806452            48
    0.41935483870968    0.29032258064516    0.12903225806452            24
    0.45161290322581    0.29032258064516    0.12903225806452            48
    0.48387096774194    0.29032258064516    0.12903225806452            48
   -0.48387096774194    0.29032258064516    0.12903225806452            48
   -0.45161290322581    0.29032258064516    0.12903225806452            48
   -0.41935483870968    0.29032258064516    0.12903225806452            48
   -0.38709677419355    0.29032258064516    0.12903225806452            48
   -0.35483870967742    0.29032258064516    0.12903225806452            48
   -0.32258064516129    0.29032258064516    0.12903225806452            48
   -0.29032258064516    0.29032258064516    0.12903225806452            48
   -0.25806451612903    0.29032258064516    0.12903225806452            48
   -0.22580645161290    0.29032258064516    0.12903225806452            48
   -0.19354838709678    0.29032258064516    0.12903225806452            48
   -0.16129032258065    0.29032258064516    0.12903225806452            24
    0.45161290322581    0.32258064516129    0.12903225806452            24
    0.48387096774194    0.32258064516129    0.12903225806452            48
   -0.48387096774194    0.32258064516129    0.12903225806452            48
   -0.45161290322581    0.32258064516129    0.12903225806452            48
   -0.41935483870968    0.32258064516129    0.12903225806452            48
   -0.38709677419355    0.32258064516129    0.12903225806452            48
   -0.35483870967742    0.32258064516129    0.12903225806452            48
   -0.32258064516129    0.32258064516129    0.12903225806452            48
   -0.29032258064516    0.32258064516129    0.12903225806452            48
   -0.25806451612903    0.32258064516129    0.12903225806452            48
   -0.22580645161290    0.32258064516129    0.12903225806452            48
   -0.19354838709678    0.32258064516129    0.12903225806452            24
    0.48387096774194    0.35483870967742    0.12903225806452            24
   -0.48387096774194    0.35483870967742    0.12903225806452            48
   -0.45161290322581    0.35483870967742    0.12903225806452            48
   -0.41935483870968    0.35483870967742    0.12903225806452            48
   -0.38709677419355    0.35483870967742    0.12903225806452            48
   -0.35483870967742    0.35483870967742    0.12903225806452            48
   -0.32258064516129    0.35483870967742    0.12903225806452            48
   -0.29032258064516    0.35483870967742    0.12903225806452            48
   -0.25806451612903    0.35483870967742    0.12903225806452            48
   -0.22580645161290    0.35483870967742    0.12903225806452            24
   -0.48387096774194    0.38709677419355    0.12903225806452            24
   -0.45161290322581    0.38709677419355    0.12903225806452            48
   -0.41935483870968    0.38709677419355    0.12903225806452            48
   -0.38709677419355    0.38709677419355    0.12903225806452            48
   -0.35483870967742    0.38709677419355    0.12903225806452            48
   -0.32258064516129    0.38709677419355    0.12903225806452            48
   -0.29032258064516    0.38709677419355    0.12903225806452            48
   -0.25806451612903    0.38709677419355    0.12903225806452            24
   -0.45161290322581    0.41935483870968    0.12903225806452            24
   -0.41935483870968    0.41935483870968    0.12903225806452            48
   -0.38709677419355    0.41935483870968    0.12903225806452            48
   -0.35483870967742    0.41935483870968    0.12903225806452            48
   -0.32258064516129    0.41935483870968    0.12903225806452            48
   -0.29032258064516    0.41935483870968    0.12903225806452            24
   -0.41935483870968    0.45161290322581    0.12903225806452            24
   -0.38709677419355    0.45161290322581    0.12903225806452            48
   -0.35483870967742    0.45161290322581    0.12903225806452            48
   -0.32258064516129    0.45161290322581    0.12903225806452            24
   -0.38709677419355    0.48387096774194    0.12903225806452            24
   -0.35483870967742    0.48387096774194    0.12903225806452            24
    0.48387096774194    0.32258064516129    0.16129032258065            24
   -0.48387096774194    0.32258064516129    0.16129032258065            48
   -0.45161290322581    0.32258064516129    0.16129032258065            48
   -0.41935483870968    0.32258064516129    0.16129032258065            48
   -0.38709677419355    0.32258064516129    0.16129032258065            48
   -0.35483870967742    0.32258064516129    0.16129032258065            48
   -0.48387096774194    0.35483870967742    0.16129032258065            24
   -0.45161290322581    0.35483870967742    0.16129032258065            48
   -0.41935483870968    0.35483870967742    0.16129032258065            48
   -0.38709677419355    0.35483870967742    0.16129032258065            48
   -0.35483870967742    0.35483870967742    0.16129032258065            48
   -0.32258064516129    0.35483870967742    0.16129032258065            48
   -0.29032258064516    0.35483870967742    0.16129032258065            48
   -0.25806451612903    0.35483870967742    0.16129032258065            48
   -0.22580645161290    0.35483870967742    0.16129032258065            48
   -0.19354838709678    0.35483870967742    0.16129032258065            24
   -0.45161290322581    0.38709677419355    0.16129032258065            24
   -0.41935483870968    0.38709677419355    0.16129032258065            48
   -0.38709677419355    0.38709677419355    0.16129032258065            48
   -0.35483870967742    0.38709677419355    0.16129032258065            48
   -0.32258064516129    0.38709677419355    0.16129032258065            48
   -0.29032258064516    0.38709677419355    0.16129032258065            48
   -0.25806451612903    0.38709677419355    0.16129032258065            48
   -0.22580645161290    0.38709677419355    0.16129032258065            24
   -0.41935483870968    0.41935483870968    0.16129032258065            24
   -0.38709677419355    0.41935483870968    0.16129032258065            48
   -0.35483870967742    0.41935483870968    0.16129032258065            48
   -0.32258064516129    0.41935483870968    0.16129032258065            48
   -0.29032258064516    0.41935483870968    0.16129032258065            48
   -0.25806451612903    0.41935483870968    0.16129032258065            24
   -0.38709677419355    0.45161290322581    0.16129032258065            24
   -0.35483870967742    0.45161290322581    0.16129032258065            48
   -0.32258064516129    0.45161290322581    0.16129032258065            48
   -0.29032258064516    0.45161290322581    0.16129032258065            24
   -0.35483870967742    0.48387096774194    0.16129032258065            24
   -0.32258064516129    0.48387096774194    0.16129032258065            24
   -0.41935483870968    0.38709677419355    0.19354838709678            24
   -0.38709677419355    0.38709677419355    0.19354838709678            48
   -0.35483870967742    0.38709677419355    0.19354838709678            48
   -0.32258064516129    0.38709677419355    0.19354838709678            48
   -0.38709677419355    0.41935483870968    0.19354838709678            24
   -0.35483870967742    0.41935483870968    0.19354838709678            48
   -0.32258064516129    0.41935483870968    0.19354838709678            48
   -0.29032258064516    0.41935483870968    0.19354838709678            48
   -0.25806451612903    0.41935483870968    0.19354838709678            48
   -0.22580645161290    0.41935483870968    0.19354838709678            24
   -0.35483870967742    0.45161290322581    0.19354838709678            24
   -0.32258064516129    0.45161290322581    0.19354838709678            48
   -0.29032258064516    0.45161290322581    0.19354838709678            48
   -0.25806451612903    0.45161290322581    0.19354838709678            24
   -0.32258064516129    0.48387096774194    0.19354838709678            24
   -0.29032258064516    0.48387096774194    0.19354838709678            24
   -0.32258064516129    0.45161290322581    0.22580645161290            24
   -0.29032258064516    0.45161290322581    0.22580645161290            48
   -0.29032258064516    0.48387096774194    0.22580645161290            24
   -0.25806451612903    0.48387096774194    0.22580645161290            24
