Automatically generated mesh
     570
Reciprocal lattice
    0.02777777777778    0.02777777777778    0.02777777777778             8
    0.08333333333334    0.02777777777778    0.02777777777778            24
    0.13888888888889    0.02777777777778    0.02777777777778            24
    0.19444444444444    0.02777777777778    0.02777777777778            24
    0.25000000000000    0.02777777777778    0.02777777777778            24
    0.30555555555556    0.02777777777778    0.02777777777778            24
    0.36111111111111    0.02777777777778    0.02777777777778            24
    0.41666666666666    0.02777777777778    0.02777777777778            24
    0.47222222222222    0.02777777777778    0.02777777777778            24
   -0.47222222222222    0.02777777777778    0.02777777777778            24
   -0.41666666666666    0.02777777777778    0.02777777777778            24
   -0.36111111111111    0.02777777777778    0.02777777777778            24
   -0.30555555555556    0.02777777777778    0.02777777777778            24
   -0.25000000000000    0.02777777777778    0.02777777777778            24
   -0.19444444444444    0.02777777777778    0.02777777777778            24
   -0.13888888888889    0.02777777777778    0.02777777777778            24
   -0.08333333333334    0.02777777777778    0.02777777777778            24
   -0.02777777777778    0.02777777777778    0.02777777777778            24
    0.08333333333334    0.08333333333334    0.02777777777778            24
    0.13888888888889    0.08333333333334    0.02777777777778            48
    0.19444444444444    0.08333333333334    0.02777777777778            48
    0.25000000000000    0.08333333333334    0.02777777777778            48
    0.30555555555556    0.08333333333334    0.02777777777778            48
    0.36111111111111    0.08333333333334    0.02777777777778            48
    0.41666666666666    0.08333333333334    0.02777777777778            48
    0.47222222222222    0.08333333333334    0.02777777777778            48
   -0.47222222222222    0.08333333333334    0.02777777777778            48
   -0.41666666666666    0.08333333333334    0.02777777777778            48
   -0.36111111111111    0.08333333333334    0.02777777777778            48
   -0.30555555555556    0.08333333333334    0.02777777777778            48
   -0.25000000000000    0.08333333333334    0.02777777777778            48
   -0.19444444444444    0.08333333333334    0.02777777777778            48
   -0.13888888888889    0.08333333333334    0.02777777777778            48
   -0.08333333333334    0.08333333333334    0.02777777777778            48
   -0.02777777777778    0.08333333333334    0.02777777777778            48
    0.13888888888889    0.13888888888889    0.02777777777778            24
    0.19444444444444    0.13888888888889    0.02777777777778            48
    0.25000000000000    0.13888888888889    0.02777777777778            48
    0.30555555555556    0.13888888888889    0.02777777777778            48
    0.36111111111111    0.13888888888889    0.02777777777778            48
    0.41666666666666    0.13888888888889    0.02777777777778            48
    0.47222222222222    0.13888888888889    0.02777777777778            48
   -0.47222222222222    0.13888888888889    0.02777777777778            48
   -0.41666666666666    0.13888888888889    0.02777777777778            48
   -0.36111111111111    0.13888888888889    0.02777777777778            48
   -0.30555555555556    0.13888888888889    0.02777777777778            48
   -0.25000000000000    0.13888888888889    0.02777777777778            48
   -0.19444444444444    0.13888888888889    0.02777777777778            48
   -0.13888888888889    0.13888888888889    0.02777777777778            48
   -0.08333333333334    0.13888888888889    0.02777777777778            48
   -0.02777777777778    0.13888888888889    0.02777777777778            48
    0.19444444444444    0.19444444444444    0.02777777777778            24
    0.25000000000000    0.19444444444444    0.02777777777778            48
    0.30555555555556    0.19444444444444    0.02777777777778            48
    0.36111111111111    0.19444444444444    0.02777777777778            48
    0.41666666666666    0.19444444444444    0.02777777777778            48
    0.47222222222222    0.19444444444444    0.02777777777778            48
   -0.47222222222222    0.19444444444444    0.02777777777778            48
   -0.41666666666666    0.19444444444444    0.02777777777778            48
   -0.36111111111111    0.19444444444444    0.02777777777778            48
   -0.30555555555556    0.19444444444444    0.02777777777778            48
   -0.25000000000000    0.19444444444444    0.02777777777778            48
   -0.19444444444444    0.19444444444444    0.02777777777778            48
   -0.13888888888889    0.19444444444444    0.02777777777778            48
   -0.08333333333334    0.19444444444444    0.02777777777778            48
   -0.02777777777778    0.19444444444444    0.02777777777778            48
    0.25000000000000    0.25000000000000    0.02777777777778            24
    0.30555555555556    0.25000000000000    0.02777777777778            48
    0.36111111111111    0.25000000000000    0.02777777777778            48
    0.41666666666666    0.25000000000000    0.02777777777778            48
    0.47222222222222    0.25000000000000    0.02777777777778            48
   -0.47222222222222    0.25000000000000    0.02777777777778            48
   -0.41666666666666    0.25000000000000    0.02777777777778            48
   -0.36111111111111    0.25000000000000    0.02777777777778            48
   -0.30555555555556    0.25000000000000    0.02777777777778            48
   -0.25000000000000    0.25000000000000    0.02777777777778            48
   -0.19444444444444    0.25000000000000    0.02777777777778            48
   -0.13888888888889    0.25000000000000    0.02777777777778            48
   -0.08333333333334    0.25000000000000    0.02777777777778            48
   -0.02777777777778    0.25000000000000    0.02777777777778            48
    0.30555555555556    0.30555555555556    0.02777777777778            24
    0.36111111111111    0.30555555555556    0.02777777777778            48
    0.41666666666666    0.30555555555556    0.02777777777778            48
    0.47222222222222    0.30555555555556    0.02777777777778            48
   -0.47222222222222    0.30555555555556    0.02777777777778            48
   -0.41666666666666    0.30555555555556    0.02777777777778            48
   -0.36111111111111    0.30555555555556    0.02777777777778            48
   -0.30555555555556    0.30555555555556    0.02777777777778            48
   -0.25000000000000    0.30555555555556    0.02777777777778            48
   -0.19444444444444    0.30555555555556    0.02777777777778            48
   -0.13888888888889    0.30555555555556    0.02777777777778            48
   -0.08333333333334    0.30555555555556    0.02777777777778            48
   -0.02777777777778    0.30555555555556    0.02777777777778            48
    0.36111111111111    0.36111111111111    0.02777777777778            24
    0.41666666666666    0.36111111111111    0.02777777777778            48
    0.47222222222222    0.36111111111111    0.02777777777778            48
   -0.47222222222222    0.36111111111111    0.02777777777778            48
   -0.41666666666666    0.36111111111111    0.02777777777778            48
   -0.36111111111111    0.36111111111111    0.02777777777778            48
   -0.30555555555556    0.36111111111111    0.02777777777778            48
   -0.25000000000000    0.36111111111111    0.02777777777778            48
   -0.19444444444444    0.36111111111111    0.02777777777778            48
   -0.13888888888889    0.36111111111111    0.02777777777778            48
   -0.08333333333334    0.36111111111111    0.02777777777778            48
   -0.02777777777778    0.36111111111111    0.02777777777778            48
    0.41666666666666    0.41666666666666    0.02777777777778            24
    0.47222222222222    0.41666666666666    0.02777777777778            48
   -0.47222222222222    0.41666666666666    0.02777777777778            48
   -0.41666666666666    0.41666666666666    0.02777777777778            48
   -0.36111111111111    0.41666666666666    0.02777777777778            48
   -0.30555555555556    0.41666666666666    0.02777777777778            48
   -0.25000000000000    0.41666666666666    0.02777777777778            48
   -0.19444444444444    0.41666666666666    0.02777777777778            48
   -0.13888888888889    0.41666666666666    0.02777777777778            48
   -0.08333333333334    0.41666666666666    0.02777777777778            48
   -0.02777777777778    0.41666666666666    0.02777777777778            48
    0.47222222222222    0.47222222222222    0.02777777777778            24
   -0.47222222222222    0.47222222222222    0.02777777777778            48
   -0.41666666666666    0.47222222222222    0.02777777777778            48
   -0.36111111111111    0.47222222222222    0.02777777777778            48
   -0.30555555555556    0.47222222222222    0.02777777777778            48
   -0.25000000000000    0.47222222222222    0.02777777777778            48
   -0.19444444444444    0.47222222222222    0.02777777777778            48
   -0.13888888888889    0.47222222222222    0.02777777777778            48
   -0.08333333333334    0.47222222222222    0.02777777777778            48
   -0.02777777777778    0.47222222222222    0.02777777777778            48
   -0.47222222222222   -0.47222222222222    0.02777777777778            24
   -0.41666666666666   -0.47222222222222    0.02777777777778            48
   -0.36111111111111   -0.47222222222222    0.02777777777778            48
   -0.30555555555556   -0.47222222222222    0.02777777777778            48
   -0.25000000000000   -0.47222222222222    0.02777777777778            48
   -0.19444444444444   -0.47222222222222    0.02777777777778            48
   -0.13888888888889   -0.47222222222222    0.02777777777778            48
   -0.08333333333334   -0.47222222222222    0.02777777777778            48
   -0.41666666666666   -0.41666666666666    0.02777777777778            24
   -0.36111111111111   -0.41666666666666    0.02777777777778            48
   -0.30555555555556   -0.41666666666666    0.02777777777778            48
   -0.25000000000000   -0.41666666666666    0.02777777777778            48
   -0.19444444444444   -0.41666666666666    0.02777777777778            48
   -0.13888888888889   -0.41666666666666    0.02777777777778            48
   -0.08333333333334   -0.41666666666666    0.02777777777778            48
   -0.36111111111111   -0.36111111111111    0.02777777777778            24
   -0.30555555555556   -0.36111111111111    0.02777777777778            48
   -0.25000000000000   -0.36111111111111    0.02777777777778            48
   -0.19444444444444   -0.36111111111111    0.02777777777778            48
   -0.13888888888889   -0.36111111111111    0.02777777777778            48
   -0.08333333333334   -0.36111111111111    0.02777777777778            48
   -0.30555555555556   -0.30555555555556    0.02777777777778            24
   -0.25000000000000   -0.30555555555556    0.02777777777778            48
   -0.19444444444444   -0.30555555555556    0.02777777777778            48
   -0.13888888888889   -0.30555555555556    0.02777777777778            48
   -0.08333333333334   -0.30555555555556    0.02777777777778            48
   -0.25000000000000   -0.25000000000000    0.02777777777778            24
   -0.19444444444444   -0.25000000000000    0.02777777777778            48
   -0.13888888888889   -0.25000000000000    0.02777777777778            48
   -0.08333333333334   -0.25000000000000    0.02777777777778            48
   -0.19444444444444   -0.19444444444444    0.02777777777778            24
   -0.13888888888889   -0.19444444444444    0.02777777777778            48
   -0.08333333333334   -0.19444444444444    0.02777777777778            48
   -0.13888888888889   -0.13888888888889    0.02777777777778            24
   -0.08333333333334   -0.13888888888889    0.02777777777778            48
   -0.08333333333334   -0.08333333333334    0.02777777777778            24
    0.08333333333334    0.08333333333334    0.08333333333334             8
    0.13888888888889    0.08333333333334    0.08333333333334            24
    0.19444444444444    0.08333333333334    0.08333333333334            24
    0.25000000000000    0.08333333333334    0.08333333333334            24
    0.30555555555556    0.08333333333334    0.08333333333334            24
    0.36111111111111    0.08333333333334    0.08333333333334            24
    0.41666666666666    0.08333333333334    0.08333333333334            24
    0.47222222222222    0.08333333333334    0.08333333333334            24
   -0.47222222222222    0.08333333333334    0.08333333333334            24
   -0.41666666666666    0.08333333333334    0.08333333333334            24
   -0.36111111111111    0.08333333333334    0.08333333333334            24
   -0.30555555555556    0.08333333333334    0.08333333333334            24
   -0.25000000000000    0.08333333333334    0.08333333333334            24
   -0.19444444444444    0.08333333333334    0.08333333333334            24
   -0.13888888888889    0.08333333333334    0.08333333333334            24
   -0.08333333333334    0.08333333333334    0.08333333333334            24
    0.13888888888889    0.13888888888889    0.08333333333334            24
    0.19444444444444    0.13888888888889    0.08333333333334            48
    0.25000000000000    0.13888888888889    0.08333333333334            48
    0.30555555555556    0.13888888888889    0.08333333333334            48
    0.36111111111111    0.13888888888889    0.08333333333334            48
    0.41666666666666    0.13888888888889    0.08333333333334            48
    0.47222222222222    0.13888888888889    0.08333333333334            48
   -0.47222222222222    0.13888888888889    0.08333333333334            48
   -0.41666666666666    0.13888888888889    0.08333333333334            48
   -0.36111111111111    0.13888888888889    0.08333333333334            48
   -0.30555555555556    0.13888888888889    0.08333333333334            48
   -0.25000000000000    0.13888888888889    0.08333333333334            48
   -0.19444444444444    0.13888888888889    0.08333333333334            48
   -0.13888888888889    0.13888888888889    0.08333333333334            48
   -0.08333333333334    0.13888888888889    0.08333333333334            48
    0.19444444444444    0.19444444444444    0.08333333333334            24
    0.25000000000000    0.19444444444444    0.08333333333334            48
    0.30555555555556    0.19444444444444    0.08333333333334            48
    0.36111111111111    0.19444444444444    0.08333333333334            48
    0.41666666666666    0.19444444444444    0.08333333333334            48
    0.47222222222222    0.19444444444444    0.08333333333334            48
   -0.47222222222222    0.19444444444444    0.08333333333334            48
   -0.41666666666666    0.19444444444444    0.08333333333334            48
   -0.36111111111111    0.19444444444444    0.08333333333334            48
   -0.30555555555556    0.19444444444444    0.08333333333334            48
   -0.25000000000000    0.19444444444444    0.08333333333334            48
   -0.19444444444444    0.19444444444444    0.08333333333334            48
   -0.13888888888889    0.19444444444444    0.08333333333334            48
   -0.08333333333334    0.19444444444444    0.08333333333334            48
    0.25000000000000    0.25000000000000    0.08333333333334            24
    0.30555555555556    0.25000000000000    0.08333333333334            48
    0.36111111111111    0.25000000000000    0.08333333333334            48
    0.41666666666666    0.25000000000000    0.08333333333334            48
    0.47222222222222    0.25000000000000    0.08333333333334            48
   -0.47222222222222    0.25000000000000    0.08333333333334            48
   -0.41666666666666    0.25000000000000    0.08333333333334            48
   -0.36111111111111    0.25000000000000    0.08333333333334            48
   -0.30555555555556    0.25000000000000    0.08333333333334            48
   -0.25000000000000    0.25000000000000    0.08333333333334            48
   -0.19444444444444    0.25000000000000    0.08333333333334            48
   -0.13888888888889    0.25000000000000    0.08333333333334            48
   -0.08333333333334    0.25000000000000    0.08333333333334            48
    0.30555555555556    0.30555555555556    0.08333333333334            24
    0.36111111111111    0.30555555555556    0.08333333333334            48
    0.41666666666666    0.30555555555556    0.08333333333334            48
    0.47222222222222    0.30555555555556    0.08333333333334            48
   -0.47222222222222    0.30555555555556    0.08333333333334            48
   -0.41666666666666    0.30555555555556    0.08333333333334            48
   -0.36111111111111    0.30555555555556    0.08333333333334            48
   -0.30555555555556    0.30555555555556    0.08333333333334            48
   -0.25000000000000    0.30555555555556    0.08333333333334            48
   -0.19444444444444    0.30555555555556    0.08333333333334            48
   -0.13888888888889    0.30555555555556    0.08333333333334            48
   -0.08333333333334    0.30555555555556    0.08333333333334            48
    0.36111111111111    0.36111111111111    0.08333333333334            24
    0.41666666666666    0.36111111111111    0.08333333333334            48
    0.47222222222222    0.36111111111111    0.08333333333334            48
   -0.47222222222222    0.36111111111111    0.08333333333334            48
   -0.41666666666666    0.36111111111111    0.08333333333334            48
   -0.36111111111111    0.36111111111111    0.08333333333334            48
   -0.30555555555556    0.36111111111111    0.08333333333334            48
   -0.25000000000000    0.36111111111111    0.08333333333334            48
   -0.19444444444444    0.36111111111111    0.08333333333334            48
   -0.13888888888889    0.36111111111111    0.08333333333334            48
   -0.08333333333334    0.36111111111111    0.08333333333334            48
    0.41666666666666    0.41666666666666    0.08333333333334            24
    0.47222222222222    0.41666666666666    0.08333333333334            48
   -0.47222222222222    0.41666666666666    0.08333333333334            48
   -0.41666666666666    0.41666666666666    0.08333333333334            48
   -0.36111111111111    0.41666666666666    0.08333333333334            48
   -0.30555555555556    0.41666666666666    0.08333333333334            48
   -0.25000000000000    0.41666666666666    0.08333333333334            48
   -0.19444444444444    0.41666666666666    0.08333333333334            48
   -0.13888888888889    0.41666666666666    0.08333333333334            48
   -0.08333333333334    0.41666666666666    0.08333333333334            48
    0.47222222222222    0.47222222222222    0.08333333333334            24
   -0.47222222222222    0.47222222222222    0.08333333333334            48
   -0.41666666666666    0.47222222222222    0.08333333333334            48
   -0.36111111111111    0.47222222222222    0.08333333333334            48
   -0.30555555555556    0.47222222222222    0.08333333333334            48
   -0.25000000000000    0.47222222222222    0.08333333333334            48
   -0.19444444444444    0.47222222222222    0.08333333333334            48
   -0.13888888888889    0.47222222222222    0.08333333333334            48
   -0.08333333333334    0.47222222222222    0.08333333333334            48
   -0.47222222222222   -0.47222222222222    0.08333333333334            24
   -0.41666666666666   -0.47222222222222    0.08333333333334            48
   -0.36111111111111   -0.47222222222222    0.08333333333334            48
   -0.30555555555556   -0.47222222222222    0.08333333333334            48
   -0.25000000000000   -0.47222222222222    0.08333333333334            48
   -0.19444444444444   -0.47222222222222    0.08333333333334            48
   -0.13888888888889   -0.47222222222222    0.08333333333334            48
   -0.41666666666666   -0.41666666666666    0.08333333333334            24
   -0.36111111111111   -0.41666666666666    0.08333333333334            48
   -0.30555555555556   -0.41666666666666    0.08333333333334            48
   -0.25000000000000   -0.41666666666666    0.08333333333334            48
   -0.19444444444444   -0.41666666666666    0.08333333333334            48
   -0.13888888888889   -0.41666666666666    0.08333333333334            48
   -0.36111111111111   -0.36111111111111    0.08333333333334            24
   -0.30555555555556   -0.36111111111111    0.08333333333334            48
   -0.25000000000000   -0.36111111111111    0.08333333333334            48
   -0.19444444444444   -0.36111111111111    0.08333333333334            48
   -0.13888888888889   -0.36111111111111    0.08333333333334            48
   -0.30555555555556   -0.30555555555556    0.08333333333334            24
   -0.25000000000000   -0.30555555555556    0.08333333333334            48
   -0.19444444444444   -0.30555555555556    0.08333333333334            48
   -0.13888888888889   -0.30555555555556    0.08333333333334            48
   -0.25000000000000   -0.25000000000000    0.08333333333334            24
   -0.19444444444444   -0.25000000000000    0.08333333333334            48
   -0.13888888888889   -0.25000000000000    0.08333333333334            48
   -0.19444444444444   -0.19444444444444    0.08333333333334            24
   -0.13888888888889   -0.19444444444444    0.08333333333334            48
   -0.13888888888889   -0.13888888888889    0.08333333333334            24
    0.13888888888889    0.13888888888889    0.13888888888889             8
    0.19444444444444    0.13888888888889    0.13888888888889            24
    0.25000000000000    0.13888888888889    0.13888888888889            24
    0.30555555555556    0.13888888888889    0.13888888888889            24
    0.36111111111111    0.13888888888889    0.13888888888889            24
    0.41666666666666    0.13888888888889    0.13888888888889            24
    0.47222222222222    0.13888888888889    0.13888888888889            24
   -0.47222222222222    0.13888888888889    0.13888888888889            24
   -0.41666666666666    0.13888888888889    0.13888888888889            24
   -0.36111111111111    0.13888888888889    0.13888888888889            24
   -0.30555555555556    0.13888888888889    0.13888888888889            24
   -0.25000000000000    0.13888888888889    0.13888888888889            24
   -0.19444444444444    0.13888888888889    0.13888888888889            24
   -0.13888888888889    0.13888888888889    0.13888888888889            24
    0.19444444444444    0.19444444444444    0.13888888888889            24
    0.25000000000000    0.19444444444444    0.13888888888889            48
    0.30555555555556    0.19444444444444    0.13888888888889            48
    0.36111111111111    0.19444444444444    0.13888888888889            48
    0.41666666666666    0.19444444444444    0.13888888888889            48
    0.47222222222222    0.19444444444444    0.13888888888889            48
   -0.47222222222222    0.19444444444444    0.13888888888889            48
   -0.41666666666666    0.19444444444444    0.13888888888889            48
   -0.36111111111111    0.19444444444444    0.13888888888889            48
   -0.30555555555556    0.19444444444444    0.13888888888889            48
   -0.25000000000000    0.19444444444444    0.13888888888889            48
   -0.19444444444444    0.19444444444444    0.13888888888889            48
   -0.13888888888889    0.19444444444444    0.13888888888889            48
    0.25000000000000    0.25000000000000    0.13888888888889            24
    0.30555555555556    0.25000000000000    0.13888888888889            48
    0.36111111111111    0.25000000000000    0.13888888888889            48
    0.41666666666666    0.25000000000000    0.13888888888889            48
    0.47222222222222    0.25000000000000    0.13888888888889            48
   -0.47222222222222    0.25000000000000    0.13888888888889            48
   -0.41666666666666    0.25000000000000    0.13888888888889            48
   -0.36111111111111    0.25000000000000    0.13888888888889            48
   -0.30555555555556    0.25000000000000    0.13888888888889            48
   -0.25000000000000    0.25000000000000    0.13888888888889            48
   -0.19444444444444    0.25000000000000    0.13888888888889            48
   -0.13888888888889    0.25000000000000    0.13888888888889            48
    0.30555555555556    0.30555555555556    0.13888888888889            24
    0.36111111111111    0.30555555555556    0.13888888888889            48
    0.41666666666666    0.30555555555556    0.13888888888889            48
    0.47222222222222    0.30555555555556    0.13888888888889            48
   -0.47222222222222    0.30555555555556    0.13888888888889            48
   -0.41666666666666    0.30555555555556    0.13888888888889            48
   -0.36111111111111    0.30555555555556    0.13888888888889            48
   -0.30555555555556    0.30555555555556    0.13888888888889            48
   -0.25000000000000    0.30555555555556    0.13888888888889            48
   -0.19444444444444    0.30555555555556    0.13888888888889            48
   -0.13888888888889    0.30555555555556    0.13888888888889            48
    0.36111111111111    0.36111111111111    0.13888888888889            24
    0.41666666666666    0.36111111111111    0.13888888888889            48
    0.47222222222222    0.36111111111111    0.13888888888889            48
   -0.47222222222222    0.36111111111111    0.13888888888889            48
   -0.41666666666666    0.36111111111111    0.13888888888889            48
   -0.36111111111111    0.36111111111111    0.13888888888889            48
   -0.30555555555556    0.36111111111111    0.13888888888889            48
   -0.25000000000000    0.36111111111111    0.13888888888889            48
   -0.19444444444444    0.36111111111111    0.13888888888889            48
   -0.13888888888889    0.36111111111111    0.13888888888889            48
    0.41666666666666    0.41666666666666    0.13888888888889            24
    0.47222222222222    0.41666666666666    0.13888888888889            48
   -0.47222222222222    0.41666666666666    0.13888888888889            48
   -0.41666666666666    0.41666666666666    0.13888888888889            48
   -0.36111111111111    0.41666666666666    0.13888888888889            48
   -0.30555555555556    0.41666666666666    0.13888888888889            48
   -0.25000000000000    0.41666666666666    0.13888888888889            48
   -0.19444444444444    0.41666666666666    0.13888888888889            48
   -0.13888888888889    0.41666666666666    0.13888888888889            48
    0.47222222222222    0.47222222222222    0.13888888888889            24
   -0.47222222222222    0.47222222222222    0.13888888888889            48
   -0.41666666666666    0.47222222222222    0.13888888888889            48
   -0.36111111111111    0.47222222222222    0.13888888888889            48
   -0.30555555555556    0.47222222222222    0.13888888888889            48
   -0.25000000000000    0.47222222222222    0.13888888888889            48
   -0.19444444444444    0.47222222222222    0.13888888888889            48
   -0.13888888888889    0.47222222222222    0.13888888888889            48
   -0.47222222222222   -0.47222222222222    0.13888888888889            24
   -0.41666666666666   -0.47222222222222    0.13888888888889            48
   -0.36111111111111   -0.47222222222222    0.13888888888889            48
   -0.30555555555556   -0.47222222222222    0.13888888888889            48
   -0.25000000000000   -0.47222222222222    0.13888888888889            48
   -0.19444444444444   -0.47222222222222    0.13888888888889            48
   -0.41666666666666   -0.41666666666666    0.13888888888889            24
   -0.36111111111111   -0.41666666666666    0.13888888888889            48
   -0.30555555555556   -0.41666666666666    0.13888888888889            48
   -0.25000000000000   -0.41666666666666    0.13888888888889            48
   -0.19444444444444   -0.41666666666666    0.13888888888889            48
   -0.36111111111111   -0.36111111111111    0.13888888888889            24
   -0.30555555555556   -0.36111111111111    0.13888888888889            48
   -0.25000000000000   -0.36111111111111    0.13888888888889            48
   -0.19444444444444   -0.36111111111111    0.13888888888889            48
   -0.30555555555556   -0.30555555555556    0.13888888888889            24
   -0.25000000000000   -0.30555555555556    0.13888888888889            48
   -0.19444444444444   -0.30555555555556    0.13888888888889            48
   -0.25000000000000   -0.25000000000000    0.13888888888889            24
   -0.19444444444444   -0.25000000000000    0.13888888888889            48
   -0.19444444444444   -0.19444444444444    0.13888888888889            24
    0.19444444444444    0.19444444444444    0.19444444444444             8
    0.25000000000000    0.19444444444444    0.19444444444444            24
    0.30555555555556    0.19444444444444    0.19444444444444            24
    0.36111111111111    0.19444444444444    0.19444444444444            24
    0.41666666666666    0.19444444444444    0.19444444444444            24
    0.47222222222222    0.19444444444444    0.19444444444444            24
   -0.47222222222222    0.19444444444444    0.19444444444444            24
   -0.41666666666666    0.19444444444444    0.19444444444444            24
   -0.36111111111111    0.19444444444444    0.19444444444444            24
   -0.30555555555556    0.19444444444444    0.19444444444444            24
   -0.25000000000000    0.19444444444444    0.19444444444444            24
   -0.19444444444444    0.19444444444444    0.19444444444444            24
    0.25000000000000    0.25000000000000    0.19444444444444            24
    0.30555555555556    0.25000000000000    0.19444444444444            48
    0.36111111111111    0.25000000000000    0.19444444444444            48
    0.41666666666666    0.25000000000000    0.19444444444444            48
    0.47222222222222    0.25000000000000    0.19444444444444            48
   -0.47222222222222    0.25000000000000    0.19444444444444            48
   -0.41666666666666    0.25000000000000    0.19444444444444            48
   -0.36111111111111    0.25000000000000    0.19444444444444            48
   -0.30555555555556    0.25000000000000    0.19444444444444            48
   -0.25000000000000    0.25000000000000    0.19444444444444            48
   -0.19444444444444    0.25000000000000    0.19444444444444            48
    0.30555555555556    0.30555555555556    0.19444444444444            24
    0.36111111111111    0.30555555555556    0.19444444444444            48
    0.41666666666666    0.30555555555556    0.19444444444444            48
    0.47222222222222    0.30555555555556    0.19444444444444            48
   -0.47222222222222    0.30555555555556    0.19444444444444            48
   -0.41666666666666    0.30555555555556    0.19444444444444            48
   -0.36111111111111    0.30555555555556    0.19444444444444            48
   -0.30555555555556    0.30555555555556    0.19444444444444            48
   -0.25000000000000    0.30555555555556    0.19444444444444            48
   -0.19444444444444    0.30555555555556    0.19444444444444            48
    0.36111111111111    0.36111111111111    0.19444444444444            24
    0.41666666666666    0.36111111111111    0.19444444444444            48
    0.47222222222222    0.36111111111111    0.19444444444444            48
   -0.47222222222222    0.36111111111111    0.19444444444444            48
   -0.41666666666666    0.36111111111111    0.19444444444444            48
   -0.36111111111111    0.36111111111111    0.19444444444444            48
   -0.30555555555556    0.36111111111111    0.19444444444444            48
   -0.25000000000000    0.36111111111111    0.19444444444444            48
   -0.19444444444444    0.36111111111111    0.19444444444444            48
    0.41666666666666    0.41666666666666    0.19444444444444            24
    0.47222222222222    0.41666666666666    0.19444444444444            48
   -0.47222222222222    0.41666666666666    0.19444444444444            48
   -0.41666666666666    0.41666666666666    0.19444444444444            48
   -0.36111111111111    0.41666666666666    0.19444444444444            48
   -0.30555555555556    0.41666666666666    0.19444444444444            48
   -0.25000000000000    0.41666666666666    0.19444444444444            48
   -0.19444444444444    0.41666666666666    0.19444444444444            48
    0.47222222222222    0.47222222222222    0.19444444444444            24
   -0.47222222222222    0.47222222222222    0.19444444444444            48
   -0.41666666666666    0.47222222222222    0.19444444444444            48
   -0.36111111111111    0.47222222222222    0.19444444444444            48
   -0.30555555555556    0.47222222222222    0.19444444444444            48
   -0.25000000000000    0.47222222222222    0.19444444444444            48
   -0.19444444444444    0.47222222222222    0.19444444444444            48
   -0.47222222222222   -0.47222222222222    0.19444444444444            24
   -0.41666666666666   -0.47222222222222    0.19444444444444            48
   -0.36111111111111   -0.47222222222222    0.19444444444444            48
   -0.30555555555556   -0.47222222222222    0.19444444444444            48
   -0.25000000000000   -0.47222222222222    0.19444444444444            48
   -0.41666666666666   -0.41666666666666    0.19444444444444            24
   -0.36111111111111   -0.41666666666666    0.19444444444444            48
   -0.30555555555556   -0.41666666666666    0.19444444444444            48
   -0.25000000000000   -0.41666666666666    0.19444444444444            48
   -0.36111111111111   -0.36111111111111    0.19444444444444            24
   -0.30555555555556   -0.36111111111111    0.19444444444444            48
   -0.25000000000000   -0.36111111111111    0.19444444444444            48
   -0.30555555555556   -0.30555555555556    0.19444444444444            24
   -0.25000000000000   -0.30555555555556    0.19444444444444            48
   -0.25000000000000   -0.25000000000000    0.19444444444444            24
    0.25000000000000    0.25000000000000    0.25000000000000             8
    0.30555555555556    0.25000000000000    0.25000000000000            24
    0.36111111111111    0.25000000000000    0.25000000000000            24
    0.41666666666666    0.25000000000000    0.25000000000000            24
    0.47222222222222    0.25000000000000    0.25000000000000            24
   -0.47222222222222    0.25000000000000    0.25000000000000            24
   -0.41666666666666    0.25000000000000    0.25000000000000            24
   -0.36111111111111    0.25000000000000    0.25000000000000            24
   -0.30555555555556    0.25000000000000    0.25000000000000            24
   -0.25000000000000    0.25000000000000    0.25000000000000            24
    0.30555555555556    0.30555555555556    0.25000000000000            24
    0.36111111111111    0.30555555555556    0.25000000000000            48
    0.41666666666666    0.30555555555556    0.25000000000000            48
    0.47222222222222    0.30555555555556    0.25000000000000            48
   -0.47222222222222    0.30555555555556    0.25000000000000            48
   -0.41666666666666    0.30555555555556    0.25000000000000            48
   -0.36111111111111    0.30555555555556    0.25000000000000            48
   -0.30555555555556    0.30555555555556    0.25000000000000            48
   -0.25000000000000    0.30555555555556    0.25000000000000            48
    0.36111111111111    0.36111111111111    0.25000000000000            24
    0.41666666666666    0.36111111111111    0.25000000000000            48
    0.47222222222222    0.36111111111111    0.25000000000000            48
   -0.47222222222222    0.36111111111111    0.25000000000000            48
   -0.41666666666666    0.36111111111111    0.25000000000000            48
   -0.36111111111111    0.36111111111111    0.25000000000000            48
   -0.30555555555556    0.36111111111111    0.25000000000000            48
   -0.25000000000000    0.36111111111111    0.25000000000000            48
    0.41666666666666    0.41666666666666    0.25000000000000            24
    0.47222222222222    0.41666666666666    0.25000000000000            48
   -0.47222222222222    0.41666666666666    0.25000000000000            48
   -0.41666666666666    0.41666666666666    0.25000000000000            48
   -0.36111111111111    0.41666666666666    0.25000000000000            48
   -0.30555555555556    0.41666666666666    0.25000000000000            48
   -0.25000000000000    0.41666666666666    0.25000000000000            48
    0.47222222222222    0.47222222222222    0.25000000000000            24
   -0.47222222222222    0.47222222222222    0.25000000000000            48
   -0.41666666666666    0.47222222222222    0.25000000000000            48
   -0.36111111111111    0.47222222222222    0.25000000000000            48
   -0.30555555555556    0.47222222222222    0.25000000000000            48
   -0.25000000000000    0.47222222222222    0.25000000000000            48
   -0.47222222222222   -0.47222222222222    0.25000000000000            24
   -0.41666666666666   -0.47222222222222    0.25000000000000            48
   -0.36111111111111   -0.47222222222222    0.25000000000000            48
   -0.30555555555556   -0.47222222222222    0.25000000000000            48
   -0.41666666666666   -0.41666666666666    0.25000000000000            24
   -0.36111111111111   -0.41666666666666    0.25000000000000            48
   -0.30555555555556   -0.41666666666666    0.25000000000000            48
   -0.36111111111111   -0.36111111111111    0.25000000000000            24
   -0.30555555555556   -0.36111111111111    0.25000000000000            48
   -0.30555555555556   -0.30555555555556    0.25000000000000            24
    0.30555555555556    0.30555555555556    0.30555555555556             8
    0.36111111111111    0.30555555555556    0.30555555555556            24
    0.41666666666666    0.30555555555556    0.30555555555556            24
    0.47222222222222    0.30555555555556    0.30555555555556            24
   -0.47222222222222    0.30555555555556    0.30555555555556            24
   -0.41666666666666    0.30555555555556    0.30555555555556            24
   -0.36111111111111    0.30555555555556    0.30555555555556            24
   -0.30555555555556    0.30555555555556    0.30555555555556            24
    0.36111111111111    0.36111111111111    0.30555555555556            24
    0.41666666666666    0.36111111111111    0.30555555555556            48
    0.47222222222222    0.36111111111111    0.30555555555556            48
   -0.47222222222222    0.36111111111111    0.30555555555556            48
   -0.41666666666666    0.36111111111111    0.30555555555556            48
   -0.36111111111111    0.36111111111111    0.30555555555556            48
   -0.30555555555556    0.36111111111111    0.30555555555556            48
    0.41666666666666    0.41666666666666    0.30555555555556            24
    0.47222222222222    0.41666666666666    0.30555555555556            48
   -0.47222222222222    0.41666666666666    0.30555555555556            48
   -0.41666666666666    0.41666666666666    0.30555555555556            48
   -0.36111111111111    0.41666666666666    0.30555555555556            48
   -0.30555555555556    0.41666666666666    0.30555555555556            48
    0.47222222222222    0.47222222222222    0.30555555555556            24
   -0.47222222222222    0.47222222222222    0.30555555555556            48
   -0.41666666666666    0.47222222222222    0.30555555555556            48
   -0.36111111111111    0.47222222222222    0.30555555555556            48
   -0.30555555555556    0.47222222222222    0.30555555555556            48
   -0.47222222222222   -0.47222222222222    0.30555555555556            24
   -0.41666666666666   -0.47222222222222    0.30555555555556            48
   -0.36111111111111   -0.47222222222222    0.30555555555556            48
   -0.41666666666666   -0.41666666666666    0.30555555555556            24
   -0.36111111111111   -0.41666666666666    0.30555555555556            48
   -0.36111111111111   -0.36111111111111    0.30555555555556            24
    0.36111111111111    0.36111111111111    0.36111111111111             8
    0.41666666666666    0.36111111111111    0.36111111111111            24
    0.47222222222222    0.36111111111111    0.36111111111111            24
   -0.47222222222222    0.36111111111111    0.36111111111111            24
   -0.41666666666666    0.36111111111111    0.36111111111111            24
   -0.36111111111111    0.36111111111111    0.36111111111111            24
    0.41666666666666    0.41666666666666    0.36111111111111            24
    0.47222222222222    0.41666666666666    0.36111111111111            48
   -0.47222222222222    0.41666666666666    0.36111111111111            48
   -0.41666666666666    0.41666666666666    0.36111111111111            48
   -0.36111111111111    0.41666666666666    0.36111111111111            48
    0.47222222222222    0.47222222222222    0.36111111111111            24
   -0.47222222222222    0.47222222222222    0.36111111111111            48
   -0.41666666666666    0.47222222222222    0.36111111111111            48
   -0.36111111111111    0.47222222222222    0.36111111111111            48
   -0.47222222222222   -0.47222222222222    0.36111111111111            24
   -0.41666666666666   -0.47222222222222    0.36111111111111            48
   -0.41666666666666   -0.41666666666666    0.36111111111111            24
    0.41666666666666    0.41666666666666    0.41666666666666             8
    0.47222222222222    0.41666666666666    0.41666666666666            24
   -0.47222222222222    0.41666666666666    0.41666666666666            24
   -0.41666666666666    0.41666666666666    0.41666666666666            24
    0.47222222222222    0.47222222222222    0.41666666666666            24
   -0.47222222222222    0.47222222222222    0.41666666666666            48
   -0.41666666666666    0.47222222222222    0.41666666666666            48
   -0.47222222222222   -0.47222222222222    0.41666666666666            24
    0.47222222222222    0.47222222222222    0.47222222222222             8
   -0.47222222222222    0.47222222222222    0.47222222222222            24
